1552400801205
1552400802132
1552400802376
1552400803427
1552400804775
1552400805597
1552400806862
1552400806361
1552400809799
1552400810788
1552400810646
1552400811400
1552400812287
1552400812625
1552400813753
1552400810977
1552400814216
1552400815707
1552400818858
1552400818965
1552400820296
1552400819552
1552400821972
1552400821574
1552400821448
1552400822907
1552400823132
1552400823102
1552400827556
1552400827318
1552400829885
1552400830585
1552400830396
1552400830254
1552400830937
1552400829142
1552400831486
1552400832666
1552400833745
1552400833534
1552400834103
1552400835967
1552400838960
1552400838645
1552400839770
1552400839666
1552400840745
1552400840390
1552400840722
1552400841718
1552400844976
1552400844607
1552400847139
1552400852146
1552400849394
1552400848218
1552400851499
1552400847240
1552400849463
1552400852731
1552400848938
1552400848587
1552400868896
1552400868243
1552400868978
1552400868305
1552400869173
1552400869915
1552400869516
1552400870646
1552400870897
1552400870598
1552400872548
1552400872304
1552400876540
1552400877200
1552400876109
1552400878453
1552400878926
1552400878431
1552400878637
1552400879415
1552400880190
1552400880608
1552400884800
1552400885698
1552400885926
1552400887501
1552400887652
1552400887200
1552400887578
1552400888268
1552400888394
1552400889690
1552400893672
1552400893501
1552400895975
1552400895220
1552400895239
1552400897872
1552400896205
1552400897191
1552400897444
1552400897657
1552400902358
1552400902257
1552400903361
1552400904798
1552400903890
1552400905127
1552400905511
1552400906434
1552400909865
1552400909808
1552400910945
1552400911679
1552400912187
1552400912373
1552400912364
1552400913633
1552400914300
1552400915679
1552400918596
1552400918961
1552400919908
1552400919703
1552400920775
1552400920547
1552400920624
1552400921179
1552400923663
1552400923331
1552400926406
1552400927245
1552400928491
1552400928704
1552400928509
1552400929531
1552400926906
1552400931570
1552400932229
1552400934481
1552400936842
1552400936896
1552400936903
1552400936342
1552400938921
1552400938817
1552400938884
1552400940479
1552400940353
1552400942181
1552400946519
1552400946386
1552400948545
1552400946663
1552400948416
1552400949516
1552400951225
1552400951922
1552400954223
1552400956230
1552400958776
1552400956734
1552400960305
1552400960847
1552400960542
1552400960563
1552400961390
1552400963607
1552400962169
1552400966488
1552400967772
1552400968380
1552400968345
1552400970827
1552400971107
1552400970294
1552400973584
1552400974266
1552400973868
1552400978941
1552400979461
1552400983538
1552400983788
1552400983725
1552400984214
1552400983159
1552400978782
1552400988480
1552400988569
1552400989994
1552400989420
1552400992626
1552400990569
1552400993965
1552400994783
1552400997351
1552401003333
1552401003658
1552400999747
1552400996930
1552401004646
1552401004801
1552401006540
1552401010415
1552401010557
1552401015720
1552401013434
1552401020462
1552401020217
1552401022313
1552401029232
1552401022629
1552401034548
1552401034222
1552401036261
1552401037866
1552401039355
1552401036423
1552401046703
1552401051948
1552401050493
1552401053733
1552401053886
1552401052989
1552401051538
1552401050344
1552401057562
1552401069731
1552401071212
1552401066122
1552401072173
1552401071476
1552401070908
1552401082846
1552401085808
1552401087606
1552401088629
1552401085148
1552401087356
1552401094271
1552401092592
1552401102425
1552401098524
1552401106106
1552401106355
1552401084721
