1552400943629
1552400945581
1552400944468
1552400947507
1552400950801
1552400951364
1552400952138
1552400950874
1552400953610
1552400956653
1552400954755
1552400950793
1552400959752
1552400960850
1552400962115
1552400962578
1552400962773
1552400962189
1552400964408
1552400966543
1552400967557
1552400970349
1552400970565
1552400974408
1552400974385
1552400976467
1552400976261
1552400980201
1552400971324
1552400979100
1552400986508
1552400978181
1552400987510
1552400983675
1552400989245
1552400983340
1552400993817
1552400992181
1552400992184
1552401000892
1552401000206
1552401004316
1552401002736
1552401004311
1552401005369
1552401007838
1552401012737
1552400999849
1552401004938
1552401019159
1552401023578
1552401014472
1552401025554
1552401029963
1552401027681
1552401028536
1552401030530
1552401032121
1552401032932
1552401041422
1552401039776
1552401043230
1552401035284
1552401042688
1552401043115
1552401047335
1552401047489
1552401061607
1552401056112
1552401061235
1552401062824
1552401064440
1552401067866
1552401068575
1552401064734
1552401073617
1552401075734
1552401071906
1552401079692
1552401078511
1552401085180
1552401084715
1552401089633
1552401086829
1552401086390
1552401096146
1552401101382
1552401111665
1552401109912
1552401111258
1552401113205
1552401114230
1552401114191
1552401115195
1552401120304
1552401120597
1552401125286
1552401124680
1552401127482
1552401130795
1552401129419
1552401132949
1552401133533
1552401135469
1552401137110
1552401140382
1552401141611
1552401142915
1552401141743
1552401148647
1552401147498
1552401147343
1552401147540
1552401153464
1552401157466
1552401156911
1552401156966
1552401163400
1552401159345
1552401165590
1552401163759
1552401165101
1552401165660
1552401172145
1552401175438
1552401175951
1552401176641
1552401180763
1552401180463
1552401180194
1552401172965
1552401183570
1552401182768
1552401186704
1552401193631
1552401195592
1552401198768
1552401195928
1552401197897
1552401194439
1552401206684
1552401208859
1552401211632
1552401210424
1552401213243
1552401204301
1552401206232
1552401212631
1552401215618
1552401215348
1552401213538
1552401221174
1552401224608
1552401224151
1552401222852
1552401228432
1552401228172
1552401227453
1552401228430
1552401233380
1552401234913
1552401234551
1552401238408
1552401238292
1552401240267
1552401244267
1552401245293
1552401244501
1552401247611
1552401248772
1552401247575
