1552399126377
1552399128468
1552399129455
1552399129201
1552399130840
1552399131553
1552399132171
1552399133656
1552399134489
1552399135836
1552399136755
1552399137663
1552399138367
1552399137533
1552399138711
1552399139290
1552399142538
1552399142112
1552399144219
1552399144134
1552399145234
1552399146622
1552399147501
1552399146576
1552399147763
1552399148472
1552399150603
1552399152479
1552399152410
1552399153338
1552399155244
1552399152856
1552399156390
1552399156438
1552399158890
1552399157982
1552399158528
1552399159517
1552399161923
1552399160152
1552399163449
