1552401010664
1552401017923
1552401019321
1552401024159
1552401024628
1552401026845
1552401020250
1552401019314
1552401028990
1552401034617
1552401035831
1552401036662
1552401043278
1552401043162
1552401044589
1552401040853
1552401043555
1552401057403
1552401052232
1552401056263
1552401055212
1552401062757
1552401064398
1552401064925
1552401067564
1552401068497
1552401067750
1552401070729
1552401078162
1552401079959
1552401079704
1552401086121
1552401089225
1552401082501
1552401087407
1552401089429
1552401093292
1552401099663
1552401104377
1552401110792
1552401110868
1552401110954
1552401112805
1552401106203
1552401113202
1552401114685
1552401115977
1552401122383
1552401124433
1552401124332
1552401125843
1552401124149
1552401121101
1552401129234
1552401128927
1552401130141
1552401130976
1552401139818
1552401138197
1552401141818
1552401141647
1552401141154
1552401144517
1552401145703
1552401149472
1552401149517
1552401151464
1552401154227
1552401154156
1552401158718
1552401158620
1552401159238
1552401162914
1552401165458
1552401166242
1552401160668
1552401173392
1552401170621
1552401174679
1552401177255
1552401175673
1552401175195
1552401180480
1552401183734
1552401189535
1552401188614
1552401186891
1552401186248
1552401188100
1552401184901
1552401191993
1552401190364
1552401195992
1552401195893
1552401200394
1552401203743
1552401202490
1552401201955
1552401204889
1552401206273
1552401204315
1552401212176
1552401204566
1552401214835
1552401217887
1552401220195
1552401220862
1552401218242
1552401221105
1552401223326
1552401227176
1552401226712
1552401229431
1552401224424
1552401226508
1552401235451
1552401232203
1552401237168
1552401237610
1552401236268
1552401244947
1552401247228
1552401244840
1552401245549
1552401250976
1552401249210
1552401253151
1552401251416
1552401255646
1552401257365
1552401255634
1552401258349
1552401259137
1552401261498
1552401261176
1552401266491
1552401267620
1552401269252
1552401268249
1552401268552
1552401271295
1552401271741
1552401268343
1552401274798
1552401269662
1552401272911
1552401269605
1552401277721
1552401277316
1552401278558
1552401282585
1552401284878
1552401284831
1552401284373
1552401282485
1552401284792
1552401287933
1552401288695
1552401286168
1552401290221
1552401294284
1552401294227
1552401295351
1552401298339
1552401298920
1552401299783
1552401300824
1552401301527
1552401302568
1552401302854
1552401302843
1552401303958
1552401305487
1552401306931
1552401307312
1552401307416
1552401308272
1552401309751
1552401309396
1552401309857
1552401310553
1552401311536
1552401311696
1552401311402
1552401311976
1552401314627
1552401314113
