1552400993668
1552400992443
1552400993942
1552400997384
1552400998674
1552400997739
1552400999507
1552401003426
1552401005277
1552401004855
1552401005616
1552401006291
1552401013566
1552401013958
1552401020622
1552401012429
1552401022850
1552401022570
1552401025640
1552401033306
1552401026126
1552401035403
1552401026882
1552401033908
1552401034471
1552401038945
1552401044411
1552401046424
1552401050339
1552401052347
1552401053572
1552401059748
1552401062174
1552401059821
1552401058536
1552401068662
1552401057763
1552401066792
1552401072947
1552401064634
1552401073249
1552401077678
1552401083272
1552401084238
1552401088626
1552401089919
1552401092749
1552401087640
1552401097982
1552401093616
1552401089220
1552401105707
1552401108570
1552401107625
1552401109751
1552401107535
1552401111899
1552401118828
1552401119170
1552401124253
1552401124153
1552401124381
1552401123236
1552401128951
1552401133504
1552401131424
1552401132287
1552401134282
1552401137116
1552401143404
1552401143941
1552401144805
1552401138598
1552401137936
1552401147443
1552401149552
1552401149393
1552401155833
1552401155704
1552401155903
1552401158947
1552401158188
1552401161248
1552401162333
1552401162983
1552401157680
1552401171586
1552401170985
1552401175604
1552401176779
1552401175837
1552401177434
1552401178209
1552401178139
1552401179848
1552401178398
1552401188417
1552401190465
1552401190306
1552401191772
1552401191499
1552401192746
1552401199762
1552401198326
1552401197881
1552401205671
1552401202676
1552401203113
1552401207777
1552401212888
1552401216962
1552401211220
1552401219755
1552401221229
1552401210808
1552401223574
1552401226834
1552401222936
1552401227230
1552401225477
1552401229684
1552401229963
1552401234948
1552401236589
1552401240233
1552401242844
1552401241528
1552401244233
1552401249742
1552401244270
1552401248399
1552401251510
1552401250434
1552401255782
1552401255720
1552401257206
1552401259112
1552401260791
1552401260737
1552401261165
1552401264881
1552401263580
1552401262228
1552401266876
1552401268840
1552401271700
1552401272753
1552401271163
1552401268618
1552401274677
1552401274367
1552401273137
1552401276686
1552401277645
1552401278176
1552401280448
1552401284116
1552401286495
1552401286493
1552401287212
1552401284224
1552401286727
1552401288846
1552401286532
1552401289270
1552401291356
1552401292549
1552401292804
1552401293663
