1552399701615
1552399701261
1552399702752
1552399703637
1552399705994
1552399704910
1552399706146
1552399707686
1552399708369
1552399709101
1552399711635
1552399711383
1552399711189
1552399711336
1552399713653
1552399716324
1552399716678
1552399716828
1552399716422
1552399718228
1552399719883
1552399719301
1552399720797
1552399721395
1552399722608
1552399724163
1552399724690
1552399725782
1552399726675
1552399726562
1552399728443
1552399729799
1552399728628
1552399729683
1552399730365
1552399731409
1552399731549
1552399732922
1552399732589
1552399733658
1552399734409
1552399734702
1552399735427
1552399737124
1552399738161
1552399739139
1552399739943
1552399740273
1552399741454
1552399742765
1552399744760
1552399744474
1552399745505
1552399745851
1552399747251
1552399748674
1552399748468
1552399749853
1552399750372
1552399750684
1552399753404
1552399753159
1552399753206
1552399755297
1552399755235
1552399758991
1552399758336
1552399758551
1552399759313
1552399761188
1552399761381
1552399762327
1552399762369
1552399766954
1552399766783
1552399767404
1552399767847
1552399768782
1552399769264
1552399770135
1552399770435
1552399772356
1552399771139
1552399772603
1552399772446
1552399774118
1552399774423
1552399778537
1552399780951
1552399780759
1552399780494
1552399780881
1552399780350
1552399780425
1552399782113
1552399784793
1552399785653
1552399786507
1552399788405
1552399789205
1552399789151
1552399789557
1552399789876
1552399790116
1552399790384
1552399794639
1552399795651
1552399795241
1552399796329
1552399798414
1552399798534
1552399798494
1552399799654
1552399800848
1552399802722
1552399803557
1552399802732
1552399804185
1552399805333
1552399806528
1552399806127
1552399807947
1552399809954
1552399809299
1552399810110
1552399811323
1552399811968
1552399812561
1552399814635
1552399815206
1552399814260
1552399816775
1552399815786
1552399817712
1552399818761
1552399819561
1552399820711
1552399821671
1552399824653
1552399824807
1552399824114
1552399824967
1552399824721
1552399826802
1552399829393
1552399829851
1552399830887
1552399831303
1552399833108
1552399833645
1552399834504
1552399834287
1552399835589
1552399837718
1552399838917
1552399839786
1552399835886
1552399840970
1552399842678
1552399842978
1552399843463
1552399843696
1552399846146
1552399846702
1552399848947
1552399848911
1552399849424
1552399850853
1552399852523
1552399849107
1552399853531
1552399853189
1552399853171
1552399857169
1552399857767
1552399858108
1552399857414
1552399857250
1552399858552
1552399862620
1552399860173
1552399863340
1552399867810
1552399866149
1552399866206
1552399867233
1552399866284
1552399868641
1552399870694
1552399872447
1552399873876
1552399873853
1552399875987
1552399876983
1552399876292
1552399877546
1552399877597
1552399877114
1552399879513
1552399881138
1552399882185
1552399883806
1552399883428
1552399881983
1552399881651
1552399884446
1552399885185
1552399885322
1552399886981
1552399886248
1552399887376
1552399888185
1552399892371
1552399892548
1552399892682
1552399893656
1552399893969
1552399894562
1552399895655
1552399895524
1552399896934
1552399897427
1552399900923
1552399900935
1552399902636
1552399902744
1552399902949
1552399903214
1552399904330
1552399904342
1552399905993
1552399908856
1552399908280
1552399911525
1552399908784
1552399911344
1552399912260
1552399912645
1552399913643
1552399914447
1552399915198
1552399920510
1552399920212
1552399919958
1552399920497
1552399917181
1552399917696
1552399921674
1552399921263
1552399922296
1552399922402
1552399923732
1552399924751
1552399929959
1552399928975
1552399929806
1552399929387
1552399929321
1552399929379
1552399930650
1552399930494
1552399931796
1552399932103
1552399937791
1552399937845
1552399937569
1552399938834
1552399938353
1552399938909
1552399939313
1552399939576
1552399940352
1552399941835
1552399945912
1552399946942
1552399946172
1552399947868
1552399948163
1552399948678
1552399948550
1552399948231
1552399949417
1552399952257
1552399954228
1552399954294
1552399954231
1552399956850
1552399957866
1552399957120
1552399957220
1552399958760
1552399959728
1552399960587
1552399961894
1552399962377
1552399963266
1552399963871
1552399963514
1552399963181
1552399965203
1552399966794
1552399966817
1552399967909
1552399967119
1552399968189
1552399970538
1552399971176
1552399971472
1552399972689
1552399973846
1552399974118
1552399974125
1552399975391
1552399976801
1552399976220
1552399978474
1552399979450
1552399980842
1552399980456
1552399982552
1552399982372
1552399983198
1552399983470
1552399985382
1552399986574
1552399986520
1552399988884
1552399989910
1552399990399
1552399992901
1552399992674
1552399993520
1552399993209
1552399994245
1552399995419
1552399995284
1552399997635
1552399998460
1552399998515
1552400000155
1552400000983
1552400001556
1552400002294
1552400002605
1552400003985
1552400003166
1552400002478
1552400004263
1552400004505
1552400003451
