1552394266226
1552394267545
1552394268513
1552394270522
1552394270743
1552394271533
1552394272154
1552394273232
1552394274983
1552394274156
1552394275916
1552394275262
1552394276564
1552394278584
1552394279136
1552394280546
1552394281367
1552394282167
1552394282596
1552394282457
1552394283571
1552394284206
1552394286345
1552394284760
1552394287276
1552394289117
1552394289255
1552394290727
1552394290349
1552394292596
1552394291390
1552394294605
1552394295192
1552394295446
1552394297440
1552394298236
