1552510506866
1552510507728
1552510508640
1552510509511
1552510510261
1552510511169
1552510512297
1552510512536
1552510514355
1552510514756
1552510515623
1552510515207
1552510517411
1552510517170
1552510518913
1552510519764
1552510520838
1552510521621
1552510522644
1552510522191
1552510523927
1552510523724
1552510525401
1552510525110
1552510526194
1552510527827
1552510529959
1552510529388
1552510530715
1552510530156
1552510531189
1552510531907
1552510533233
1552510534518
1552510534982
1552510535808
1552510537537
1552510537752
1552510537234
1552510538344
1552510538786
1552510538870
1552510538140
1552510539982
1552510539610
1552510540245
1552510542910
1552510542532
1552510543102
1552510545194
1552510545758
1552510546670
1552510546312
1552510546964
1552510548665
1552510548621
1552510550349
1552510550904
1552510551783
1552510553405
1552510553907
1552510554974
1552510555213
1552510555651
1552510556483
1552510556327
1552510558997
1552510558817
1552510560827
1552510561636
1552510561432
1552510562652
1552510563337
1552510563368
1552510564229
1552510564782
1552510565615
1552510567103
1552510568266
1552510570504
1552510570802
1552510570579
1552510571447
1552510571211
1552510572142
1552510573649
1552510573842
1552510575704
1552510575967
1552510576613
1552510576643
1552510578353
1552510578429
1552510578495
1552510578223
1552510578815
1552510579586
1552510579568
1552510580332
1552510581263
1552510583437
1552510583672
1552510584952
1552510586593
1552510586517
1552510587339
1552510588492
1552510588800
1552510589952
1552510589570
1552510591339
1552510592312
1552510593728
1552510595643
1552510595388
1552510596292
1552510596620
1552510596491
1552510597999
1552510597324
1552510599543
1552510600293
1552510601691
1552510603573
1552510603936
1552510604644
1552510604780
1552510604257
1552510605669
1552510606780
1552510608844
1552510609180
1552510609491
1552510611709
1552510612752
1552510612240
1552510612570
1552510613831
1552510614488
1552510615958
1552510616189
1552510616499
1552510617777
1552510618894
1552510618660
1552510619919
1552510620234
1552510621273
1552510621825
1552510621178
1552510621999
1552510623423
1552510623605
1552510625797
1552510625679
1552510628237
1552510628501
1552510629318
1552510629216
1552510629927
1552510629401
1552510631590
1552510632240
1552510633586
1552510634371
1552510636774
1552510636617
1552510637599
1552510637878
1552510637596
1552510638782
1552510639638
1552510640219
1552510642133
1552510642591
1552510644894
1552510644467
1552510645843
1552510645619
1552510647788
1552510647709
1552510648285
1552510650825
1552510650553
1552510647145
1552510652314
1552510653529
1552510653798
1552510655339
1552510655785
1552510655381
1552510656719
1552510657982
1552510657732
1552510657915
1552510658370
1552510658265
1552510658233
1552510660989
1552510660538
1552510661249
1552510661931
1552510663837
1552510663334
1552510664195
1552510665180
1552510666137
1552510666165
1552510668136
1552510669491
1552510669408
1552510669360
1552510671670
1552510671864
1552510672637
1552510673165
1552510675161
1552510676161
1552510677732
1552510677420
1552510678836
1552510678630
1552510679403
1552510679513
1552510680629
1552510683213
1552510684128
1552510681626
1552510685746
1552510685603
1552510686674
1552510686159
1552510687729
1552510687649
1552510687621
1552510688621
1552510691454
1552510692677
1552510692210
1552510693592
1552510694878
1552510694245
1552510695511
1552510695570
1552510696129
1552510697376
1552510699669
1552510700399
1552510700273
1552510701735
1552510702510
1552510702736
1552510703252
1552510704716
1552510704647
1552510705183
1552510707223
1552510708268
1552510708558
1552510709973
1552510710625
1552510710602
1552510711604
1552510711365
1552510712533
1552510713811
1552510716732
1552510716780
1552510716451
1552510717658
1552510718586
1552510719856
1552510720275
1552510721743
1552510721836
1552510721786
1552510724769
1552510724432
1552510725944
1552510725507
1552510725900
1552510726884
1552510726410
1552510727335
1552510728342
1552510728149
1552510728126
1552510729629
1552510729743
1552510729951
1552510732167
1552510733517
1552510733394
1552510734526
1552510734362
1552510735942
1552510736908
1552510737713
1552510737890
1552510737691
1552510740281
1552510741910
1552510741958
1552510742223
1552510742338
1552510743724
1552510745213
1552510745909
1552510745994
1552510746732
1552510749223
1552510749264
1552510750139
1552510751400
1552510751366
1552510752629
1552510753850
1552510753441
1552510754538
1552510754217
1552510757228
1552510758978
1552510758649
1552510759268
1552510760266
1552510760418
1552510761114
1552510762668
1552510762704
1552510764385
1552510765451
1552510765784
1552510766757
1552510766621
1552510767808
1552510767800
1552510767146
1552510768925
1552510768252
1552510768501
1552510769779
1552510770417
1552510771618
1552510772901
1552510773844
1552510774225
1552510775822
1552510775138
1552510776532
1552510776123
1552510778947
1552510778553
1552510780667
1552510780472
1552510782973
1552510782188
1552510783113
1552510783612
1552510784485
1552510785501
1552510786967
1552510786727
1552510788198
1552510788351
1552510790279
1552510790522
1552510791705
1552510791357
1552510792885
1552510793619
1552510794541
1552510794719
1552510796551
1552510796140
1552510798943
1552510798637
1552510799704
1552510800596
1552510801983
1552510800885
1552510802151
1552510802975
1552510804377
1552510805622
1552510805164
1552510806887
1552510806705
1552510806126
1552510807301
1552510807409
1552510808974
1552510808149
1552510809869
1552510809152
1552510810199
1552510810773
1552510842366
1552510842812
1552510844840
1552510844232
1552510845150
1552510846595
1552510848131
1552510848137
1552510849227
1552510851345
1552510850217
1552510851279
1552510852178
1552510852700
1552510854291
1552510854463
1552510855824
1552510856735
1552510857898
1552510858820
1552510858437
1552510859452
1552510860774
1552510861623
1552510862835
1552510862254
1552510863522
1552510864162
1552510865419
1552510867145
1552510867147
1552510867188
1552510869594
1552510870897
1552510870931
1552510870909
1552510871168
1552510872470
1552510872644
1552510872280
1552510873422
1552510874438
1552510874465
1552510875295
1552510875588
1552510875572
1552510877726
1552510878223
1552510878653
1552510878620
1552510880946
1552510881677
1552510882970
1552510883873
1552510883498
1552510883738
1552510885410
1552510886983
1552510886422
1552510886302
1552510888961
1552510889525
1552510890985
1552510891710
1552510891781
1552510891166
1552510893727
1552510896202
1552510899967
1552510900856
1552510902977
1552510903649
1552510903112
1552510905951
1552510904696
1552510906407
1552510906378
1552510908957
1552510909812
1552510909536
1552510911577
1552510911643
1552510912107
1552510913439
1552510913708
1552510913561
1552510913522
1552510914914
1552510914148
1552510914982
1552510915749
1552510916165
1552510917985
1552510917534
1552510919736
1552510920968
1552510921338
1552510921999
1552510921273
1552510922974
1552510923892
1552510924351
1552510925369
1552510925733
1552510927191
1552510928896
1552510929612
1552510930156
1552510930460
1552510930314
1552510931751
1552510932574
1552510933988
1552510934240
1552510935436
1552510936894
1552510937242
1552510938844
1552510938658
1552510939260
1552510940537
1552510940735
1552510942269
1552510942538
1552510943370
1552510945297
1552510945832
1552510946594
1552510946682
1552510947464
1552510948773
1552510950768
1552510950183
1552510951496
1552510952487
1552510952369
1552510952301
1552510953883
1552510954994
1552510954345
1552510954639
1552510954875
1552510955717
1552510955528
1552510956267
1552510958274
1552510958705
1552510959140
1552510960320
1552510961530
1552510963945
1552510963353
1552510963753
1552510963252
1552510964104
1552510966359
1552510967956
1552510968127
1552510968616
1552510969673
1552510971713
1552510971653
1552510971967
1552510972623
1552510972699
1552510974949
1552510975898
1552510977649
1552510977943
1552510978545
1552510979233
1552510979361
1552510980377
1552510980138
1552510981757
1552510983876
1552510983490
1552510985774
1552510985567
1552510986629
1552510987575
1552510987966
1552510988831
1552510988904
1552510989622
1552510991980
1552510992952
1552510992575
1552510992663
1552510993191
1552510993102
1552510994691
1552510994904
1552510994707
1552510996454
1552510996253
1552510996336
1552510997495
1552510997839
1552510999398
1552511000343
1552511001532
1552511001866
1552511002198
1552511003168
1552511004646
1552511004297
1552511005518
1552511005476
1552511008641
1552511008427
1552511010655
1552511009811
1552511010370
1552511012408
1552511012746
1552511012261
1552511013109
1552511014371
1552511016612
1552511016828
1552511018107
1552511018559
1552511019525
1552511020689
1552511020350
1552511021769
1552511021176
1552511021661
1552511022860
1552511022134
1552511023327
1552511025596
1552511025109
1552511025653
1552511026254
1552511026497
1552511026353
1552511028873
1552511028364
1552511029624
1552511029302
1552511030980
1552511033420
1552511033646
1552511034567
1552511034958
1552511035555
1552511036953
1552511036707
1552511036325
1552511037266
1552511038652
1552511041268
1552511041257
1552511042220
1552511042517
1552511043553
1552511044901
1552511044703
1552511045423
1552511046924
1552511046586
1552511049749
1552511049936
1552511050950
1552511050901
1552511051387
1552511052312
1552511053944
1552511053769
1552511055881
1552511056935
1552511057216
1552511058856
1552511058307
1552511059935
1552511060718
1552511061513
1552511061727
1552511062814
1552511062897
1552511062652
1552511064767
1552511064182
1552511064195
1552511065117
1552511065300
1552511065864
1552511066968
1552511067852
1552511069656
1552511070775
1552511071923
1552511073995
1552511073824
1552511069141
1552511073285
1552511073455
1552511074644
1552511075678
1552511076515
1552511078552
1552511079188
1552511081577
1552511081689
1552511081160
1552511082389
1552511082846
1552511082639
1552511083657
1552511085260
1552511086999
1552511087945
1552511089608
1552511089517
1552511089569
1552511090329
1552511090609
1552511090852
1552511091740
1552511093469
1552511095131
1552511095649
1552511097104
1552511097329
1552511097346
1552511098423
1552511098750
1552511098794
1552511099733
1552511101939
1552511101346
1552511102641
1552511103999
1552511103792
1552511104982
1552511104395
1552511105551
1552511105570
1552511106587
1552511106365
1552511107288
1552511107196
1552511107226
1552511109421
1552511111419
1552511111244
1552511113244
1552511114314
1552511114454
1552511114455
1552511115642
1552511115732
1552511115914
1552511117895
1552511119689
1552511119530
1552511121825
1552511122164
1552511122176
1552511123333
1552511123507
1552511123589
1552511123714
1552511126973
1552511127584
1552511127583
1552511130854
1552511130821
1552511130163
1552511131625
1552511131371
1552511131981
1552511132480
1552511134562
1552511135753
1552511135939
1552511138142
1552511138928
1552511139427
1552511139143
1552511139717
1552511139860
1552511140173
1552511141400
1552511142262
1552511143526
1552511143302
1552511143884
1552511143516
1552511145223
1552511146445
1552511147945
1552511147730
1552511148642
